15
17
19
21
24
25
28
29
31
31
35
36
39
39
43
44
46
47
49
51
52
54
55
56
59
60
62
63
63
63
67
68
70
71
73
76
77
79
79
81
83
84
87
88
88
91
91
92
94
95
96
97
99
100
103
103
104
105
107
108
109
111
111
112
113
115
115
118
119
120
120
121
123
124
124
125
127
127
128
129
131
132
134
135
136
139
140
140
142
143
143
145
147
147
148
150
151
152
153
155
156
156
157
159
159
159
159
161
163
163
164
167
167
167
168
169
171
172
172
174
175
175
176
176
177
179
179
179
180
182
183
183
184
184
184
185
187
187
188
188
188
188
190
190
191
191
191
191
192
192
193
195
195
195
196
197
198
198
199
199
199
199
200
200
201
201
201
202
203
203
203
203
204
204
204
204
204
204
204
204
204
204
205
205
206
206
206
206
206
206
206
206
206
206
206
206
206
207
